Sydney=-33.8696,151.20695
Melbourne=-37.81753,144.96715
Wollongong=-34.42485,150.89304